2023/04/22-13:13:47.656566 ffff6533cc40 RocksDB version: 6.20.3
2023/04/22-13:13:47.657485 ffff6533cc40 Git sha 0f6bd2edd1ad16fc815ded6ed382d5453daafa42
2023/04/22-13:13:47.657488 ffff6533cc40 Compile date 2023-03-31 14:02:43
2023/04/22-13:13:47.657528 ffff6533cc40 DB SUMMARY
2023/04/22-13:13:47.657529 ffff6533cc40 DB Session ID:  M9TJUCCSR4QWOQ7R5GBQ
2023/04/22-13:13:47.657561 ffff6533cc40 CURRENT file:  CURRENT
2023/04/22-13:13:47.658546 ffff6533cc40 MANIFEST file:  MANIFEST-000399 size: 2779 Bytes
2023/04/22-13:13:47.658549 ffff6533cc40 SST files in /data/db dir, Total Num: 3, files: 000445.sst 000447.sst 000449.sst 
2023/04/22-13:13:47.658550 ffff6533cc40 Write Ahead Log file in /data/db: 
2023/04/22-13:13:47.658551 ffff6533cc40                         Options.error_if_exists: 0
2023/04/22-13:13:47.658552 ffff6533cc40                       Options.create_if_missing: 1
2023/04/22-13:13:47.658552 ffff6533cc40                         Options.paranoid_checks: 1
2023/04/22-13:13:47.658553 ffff6533cc40                               Options.track_and_verify_wals_in_manifest: 0
2023/04/22-13:13:47.658554 ffff6533cc40                                     Options.env: 0x4457440
2023/04/22-13:13:47.658555 ffff6533cc40                                      Options.fs: Posix File System
2023/04/22-13:13:47.658556 ffff6533cc40                                Options.info_log: 0xffffab67fe80
2023/04/22-13:13:47.658556 ffff6533cc40                Options.max_file_opening_threads: 16
2023/04/22-13:13:47.658557 ffff6533cc40                              Options.statistics: (nil)
2023/04/22-13:13:47.658558 ffff6533cc40                               Options.use_fsync: 0
2023/04/22-13:13:47.658559 ffff6533cc40                       Options.max_log_file_size: 4194304
2023/04/22-13:13:47.658560 ffff6533cc40                  Options.max_manifest_file_size: 1073741824
2023/04/22-13:13:47.658560 ffff6533cc40                   Options.log_file_time_to_roll: 0
2023/04/22-13:13:47.658561 ffff6533cc40                       Options.keep_log_file_num: 5
2023/04/22-13:13:47.658562 ffff6533cc40                    Options.recycle_log_file_num: 0
2023/04/22-13:13:47.658562 ffff6533cc40                         Options.allow_fallocate: 1
2023/04/22-13:13:47.658563 ffff6533cc40                        Options.allow_mmap_reads: 0
2023/04/22-13:13:47.658563 ffff6533cc40                       Options.allow_mmap_writes: 0
2023/04/22-13:13:47.658564 ffff6533cc40                        Options.use_direct_reads: 0
2023/04/22-13:13:47.658565 ffff6533cc40                        Options.use_direct_io_for_flush_and_compaction: 0
2023/04/22-13:13:47.658565 ffff6533cc40          Options.create_missing_column_families: 0
2023/04/22-13:13:47.658566 ffff6533cc40                              Options.db_log_dir: 
2023/04/22-13:13:47.658567 ffff6533cc40                                 Options.wal_dir: /data/db
2023/04/22-13:13:47.658568 ffff6533cc40                Options.table_cache_numshardbits: 6
2023/04/22-13:13:47.658568 ffff6533cc40                         Options.WAL_ttl_seconds: 86400
2023/04/22-13:13:47.658569 ffff6533cc40                       Options.WAL_size_limit_MB: 1024
2023/04/22-13:13:47.658569 ffff6533cc40                        Options.max_write_batch_group_size_bytes: 1048576
2023/04/22-13:13:47.658570 ffff6533cc40             Options.manifest_preallocation_size: 4194304
2023/04/22-13:13:47.658571 ffff6533cc40                     Options.is_fd_close_on_exec: 1
2023/04/22-13:13:47.658571 ffff6533cc40                   Options.advise_random_on_open: 1
2023/04/22-13:13:47.658572 ffff6533cc40                    Options.db_write_buffer_size: 0
2023/04/22-13:13:47.658572 ffff6533cc40                    Options.write_buffer_manager: 0xffffab852f20
2023/04/22-13:13:47.658573 ffff6533cc40         Options.access_hint_on_compaction_start: 1
2023/04/22-13:13:47.658574 ffff6533cc40  Options.new_table_reader_for_compaction_inputs: 0
2023/04/22-13:13:47.658574 ffff6533cc40           Options.random_access_max_buffer_size: 1048576
2023/04/22-13:13:47.658575 ffff6533cc40                      Options.use_adaptive_mutex: 0
2023/04/22-13:13:47.658575 ffff6533cc40                            Options.rate_limiter: (nil)
2023/04/22-13:13:47.659193 ffff6533cc40     Options.sst_file_manager.rate_bytes_per_sec: 0
2023/04/22-13:13:47.659194 ffff6533cc40                       Options.wal_recovery_mode: 2
2023/04/22-13:13:47.659195 ffff6533cc40                  Options.enable_thread_tracking: 0
2023/04/22-13:13:47.659196 ffff6533cc40                  Options.enable_pipelined_write: 0
2023/04/22-13:13:47.659196 ffff6533cc40                  Options.unordered_write: 0
2023/04/22-13:13:47.659197 ffff6533cc40         Options.allow_concurrent_memtable_write: 1
2023/04/22-13:13:47.659197 ffff6533cc40      Options.enable_write_thread_adaptive_yield: 1
2023/04/22-13:13:47.659198 ffff6533cc40             Options.write_thread_max_yield_usec: 100
2023/04/22-13:13:47.659199 ffff6533cc40            Options.write_thread_slow_yield_usec: 3
2023/04/22-13:13:47.659199 ffff6533cc40                               Options.row_cache: None
2023/04/22-13:13:47.659200 ffff6533cc40                              Options.wal_filter: None
2023/04/22-13:13:47.659201 ffff6533cc40             Options.avoid_flush_during_recovery: 0
2023/04/22-13:13:47.659211 ffff6533cc40             Options.allow_ingest_behind: 0
2023/04/22-13:13:47.659212 ffff6533cc40             Options.preserve_deletes: 0
2023/04/22-13:13:47.659213 ffff6533cc40             Options.two_write_queues: 0
2023/04/22-13:13:47.659213 ffff6533cc40             Options.manual_wal_flush: 0
2023/04/22-13:13:47.659214 ffff6533cc40             Options.atomic_flush: 0
2023/04/22-13:13:47.659214 ffff6533cc40             Options.avoid_unnecessary_blocking_io: 0
2023/04/22-13:13:47.659215 ffff6533cc40                 Options.persist_stats_to_disk: 0
2023/04/22-13:13:47.659216 ffff6533cc40                 Options.write_dbid_to_manifest: 0
2023/04/22-13:13:47.659216 ffff6533cc40                 Options.log_readahead_size: 0
2023/04/22-13:13:47.659217 ffff6533cc40                 Options.file_checksum_gen_factory: Unknown
2023/04/22-13:13:47.659218 ffff6533cc40                 Options.best_efforts_recovery: 0
2023/04/22-13:13:47.659218 ffff6533cc40                Options.max_bgerror_resume_count: 2147483647
2023/04/22-13:13:47.659219 ffff6533cc40            Options.bgerror_resume_retry_interval: 1000000
2023/04/22-13:13:47.659220 ffff6533cc40             Options.allow_data_in_errors: 0
2023/04/22-13:13:47.659220 ffff6533cc40             Options.db_host_id: __hostname__
2023/04/22-13:13:47.659221 ffff6533cc40             Options.max_background_jobs: 16
2023/04/22-13:13:47.659222 ffff6533cc40             Options.max_background_compactions: -1
2023/04/22-13:13:47.659222 ffff6533cc40             Options.max_subcompactions: 1
2023/04/22-13:13:47.659223 ffff6533cc40             Options.avoid_flush_during_shutdown: 0
2023/04/22-13:13:47.659223 ffff6533cc40           Options.writable_file_max_buffer_size: 1048576
2023/04/22-13:13:47.659224 ffff6533cc40             Options.delayed_write_rate : 16777216
2023/04/22-13:13:47.659225 ffff6533cc40             Options.max_total_wal_size: 0
2023/04/22-13:13:47.659225 ffff6533cc40             Options.delete_obsolete_files_period_micros: 21600000000
2023/04/22-13:13:47.659226 ffff6533cc40                   Options.stats_dump_period_sec: 600
2023/04/22-13:13:47.659227 ffff6533cc40                 Options.stats_persist_period_sec: 600
2023/04/22-13:13:47.659227 ffff6533cc40                 Options.stats_history_buffer_size: 1048576
2023/04/22-13:13:47.659228 ffff6533cc40                          Options.max_open_files: -1
2023/04/22-13:13:47.659228 ffff6533cc40                          Options.bytes_per_sync: 0
2023/04/22-13:13:47.659229 ffff6533cc40                      Options.wal_bytes_per_sync: 0
2023/04/22-13:13:47.659230 ffff6533cc40                   Options.strict_bytes_per_sync: 0
2023/04/22-13:13:47.659230 ffff6533cc40       Options.compaction_readahead_size: 0
2023/04/22-13:13:47.659231 ffff6533cc40                  Options.max_background_flushes: -1
2023/04/22-13:13:47.659232 ffff6533cc40 Compression algorithms supported:
2023/04/22-13:13:47.662550 ffff6533cc40 	kZSTDNotFinalCompression supported: 0
2023/04/22-13:13:47.662552 ffff6533cc40 	kZSTD supported: 0
2023/04/22-13:13:47.662553 ffff6533cc40 	kXpressCompression supported: 0
2023/04/22-13:13:47.662553 ffff6533cc40 	kLZ4HCCompression supported: 0
2023/04/22-13:13:47.662554 ffff6533cc40 	kLZ4Compression supported: 0
2023/04/22-13:13:47.662555 ffff6533cc40 	kBZip2Compression supported: 0
2023/04/22-13:13:47.662556 ffff6533cc40 	kZlibCompression supported: 1
2023/04/22-13:13:47.662556 ffff6533cc40 	kSnappyCompression supported: 1
2023/04/22-13:13:47.662558 ffff6533cc40 Fast CRC32 supported: Supported on Arm64
2023/04/22-13:13:47.668229 ffff6533cc40 [/version_set.cc:4626] Recovering from manifest file: /data/db/MANIFEST-000399
2023/04/22-13:13:47.668955 ffff6533cc40 [/column_family.cc:596] --------------- Options for column family [default]:
2023/04/22-13:13:47.668958 ffff6533cc40               Options.comparator: leveldb.BytewiseComparator
2023/04/22-13:13:47.668960 ffff6533cc40           Options.merge_operator: UInt64AddOperator
2023/04/22-13:13:47.668961 ffff6533cc40        Options.compaction_filter: None
2023/04/22-13:13:47.668961 ffff6533cc40        Options.compaction_filter_factory: None
2023/04/22-13:13:47.668962 ffff6533cc40  Options.sst_partitioner_factory: None
2023/04/22-13:13:47.668963 ffff6533cc40         Options.memtable_factory: SkipListFactory
2023/04/22-13:13:47.668964 ffff6533cc40            Options.table_factory: BlockBasedTable
2023/04/22-13:13:47.668981 ffff6533cc40            table_factory options:   flush_block_policy_factory: FlushBlockBySizePolicyFactory (0xffffaca17018)
  cache_index_and_filter_blocks: 0
  cache_index_and_filter_blocks_with_high_priority: 1
  pin_l0_filter_and_index_blocks_in_cache: 0
  pin_top_level_index_and_filter: 1
  index_type: 0
  data_block_index_type: 0
  index_shortening: 1
  data_block_hash_table_util_ratio: 0.750000
  hash_index_allow_collision: 1
  checksum: 1
  no_block_cache: 0
  block_cache: 0xffffab6c2dd0
  block_cache_name: LRUCache
  block_cache_options:
    capacity : 8388608
    num_shard_bits : 4
    strict_capacity_limit : 0
    memory_allocator : None
    high_pri_pool_ratio: 0.000
  block_cache_compressed: (nil)
  persistent_cache: (nil)
  block_size: 4096
  block_size_deviation: 10
  block_restart_interval: 16
  index_block_restart_interval: 1
  metadata_block_size: 4096
  partition_filters: 0
  use_delta_encoding: 1
  filter_policy: nullptr
  whole_key_filtering: 1
  verify_compression: 0
  read_amp_bytes_per_bit: 0
  format_version: 5
  enable_index_compression: 1
  block_align: 0
2023/04/22-13:13:47.668987 ffff6533cc40        Options.write_buffer_size: 4194304
2023/04/22-13:13:47.668988 ffff6533cc40  Options.max_write_buffer_number: 2
2023/04/22-13:13:47.668989 ffff6533cc40        Options.compression[0]: NoCompression
2023/04/22-13:13:47.668990 ffff6533cc40        Options.compression[1]: NoCompression
2023/04/22-13:13:47.668991 ffff6533cc40        Options.compression[2]: Snappy
2023/04/22-13:13:47.668991 ffff6533cc40        Options.compression[3]: Snappy
2023/04/22-13:13:47.668992 ffff6533cc40        Options.compression[4]: Snappy
2023/04/22-13:13:47.668992 ffff6533cc40        Options.compression[5]: Snappy
2023/04/22-13:13:47.668993 ffff6533cc40        Options.compression[6]: Snappy
2023/04/22-13:13:47.668996 ffff6533cc40                  Options.bottommost_compression: Disabled
2023/04/22-13:13:47.668997 ffff6533cc40       Options.prefix_extractor: nullptr
2023/04/22-13:13:47.668997 ffff6533cc40   Options.memtable_insert_with_hint_prefix_extractor: nullptr
2023/04/22-13:13:47.668999 ffff6533cc40             Options.num_levels: 7
2023/04/22-13:13:47.669000 ffff6533cc40        Options.min_write_buffer_number_to_merge: 1
2023/04/22-13:13:47.669000 ffff6533cc40     Options.max_write_buffer_number_to_maintain: 0
2023/04/22-13:13:47.669001 ffff6533cc40     Options.max_write_buffer_size_to_maintain: 0
2023/04/22-13:13:47.669002 ffff6533cc40            Options.bottommost_compression_opts.window_bits: -14
2023/04/22-13:13:47.669002 ffff6533cc40                  Options.bottommost_compression_opts.level: 32767
2023/04/22-13:13:47.679246 ffff6533cc40               Options.bottommost_compression_opts.strategy: 0
2023/04/22-13:13:47.679250 ffff6533cc40         Options.bottommost_compression_opts.max_dict_bytes: 0
2023/04/22-13:13:47.679251 ffff6533cc40         Options.bottommost_compression_opts.zstd_max_train_bytes: 0
2023/04/22-13:13:47.679252 ffff6533cc40         Options.bottommost_compression_opts.parallel_threads: 1
2023/04/22-13:13:47.679253 ffff6533cc40                  Options.bottommost_compression_opts.enabled: false
2023/04/22-13:13:47.679254 ffff6533cc40         Options.bottommost_compression_opts.max_dict_buffer_bytes: 0
2023/04/22-13:13:47.679254 ffff6533cc40            Options.compression_opts.window_bits: -14
2023/04/22-13:13:47.679255 ffff6533cc40                  Options.compression_opts.level: 32767
2023/04/22-13:13:47.679256 ffff6533cc40               Options.compression_opts.strategy: 0
2023/04/22-13:13:47.679256 ffff6533cc40         Options.compression_opts.max_dict_bytes: 0
2023/04/22-13:13:47.679257 ffff6533cc40         Options.compression_opts.zstd_max_train_bytes: 0
2023/04/22-13:13:47.679257 ffff6533cc40         Options.compression_opts.parallel_threads: 1
2023/04/22-13:13:47.679258 ffff6533cc40                  Options.compression_opts.enabled: false
2023/04/22-13:13:47.679259 ffff6533cc40         Options.compression_opts.max_dict_buffer_bytes: 0
2023/04/22-13:13:47.679259 ffff6533cc40      Options.level0_file_num_compaction_trigger: 2
2023/04/22-13:13:47.679260 ffff6533cc40          Options.level0_slowdown_writes_trigger: 20
2023/04/22-13:13:47.679261 ffff6533cc40              Options.level0_stop_writes_trigger: 36
2023/04/22-13:13:47.679261 ffff6533cc40                   Options.target_file_size_base: 67108864
2023/04/22-13:13:47.679262 ffff6533cc40             Options.target_file_size_multiplier: 1
2023/04/22-13:13:47.679262 ffff6533cc40                Options.max_bytes_for_level_base: 536870912
2023/04/22-13:13:47.679263 ffff6533cc40 Options.level_compaction_dynamic_level_bytes: 0
2023/04/22-13:13:47.679267 ffff6533cc40          Options.max_bytes_for_level_multiplier: 10.000000
2023/04/22-13:13:47.679268 ffff6533cc40 Options.max_bytes_for_level_multiplier_addtl[0]: 1
2023/04/22-13:13:47.679269 ffff6533cc40 Options.max_bytes_for_level_multiplier_addtl[1]: 1
2023/04/22-13:13:47.679269 ffff6533cc40 Options.max_bytes_for_level_multiplier_addtl[2]: 1
2023/04/22-13:13:47.679270 ffff6533cc40 Options.max_bytes_for_level_multiplier_addtl[3]: 1
2023/04/22-13:13:47.679271 ffff6533cc40 Options.max_bytes_for_level_multiplier_addtl[4]: 1
2023/04/22-13:13:47.679271 ffff6533cc40 Options.max_bytes_for_level_multiplier_addtl[5]: 1
2023/04/22-13:13:47.679272 ffff6533cc40 Options.max_bytes_for_level_multiplier_addtl[6]: 1
2023/04/22-13:13:47.679272 ffff6533cc40       Options.max_sequential_skip_in_iterations: 8
2023/04/22-13:13:47.679273 ffff6533cc40                    Options.max_compaction_bytes: 1677721600
2023/04/22-13:13:47.679274 ffff6533cc40                        Options.arena_block_size: 524288
2023/04/22-13:13:47.679274 ffff6533cc40   Options.soft_pending_compaction_bytes_limit: 68719476736
2023/04/22-13:13:47.679275 ffff6533cc40   Options.hard_pending_compaction_bytes_limit: 274877906944
2023/04/22-13:13:47.679276 ffff6533cc40       Options.rate_limit_delay_max_milliseconds: 100
2023/04/22-13:13:47.679276 ffff6533cc40                Options.disable_auto_compactions: 0
2023/04/22-13:13:47.679278 ffff6533cc40                        Options.compaction_style: kCompactionStyleLevel
2023/04/22-13:13:47.679279 ffff6533cc40                          Options.compaction_pri: kMinOverlappingRatio
2023/04/22-13:13:47.679280 ffff6533cc40 Options.compaction_options_universal.size_ratio: 1
2023/04/22-13:13:47.679280 ffff6533cc40 Options.compaction_options_universal.min_merge_width: 2
2023/04/22-13:13:47.679281 ffff6533cc40 Options.compaction_options_universal.max_merge_width: 4294967295
2023/04/22-13:13:47.679282 ffff6533cc40 Options.compaction_options_universal.max_size_amplification_percent: 200
2023/04/22-13:13:47.680268 ffff6533cc40 Options.compaction_options_universal.compression_size_percent: -1
2023/04/22-13:13:47.680270 ffff6533cc40 Options.compaction_options_universal.stop_style: kCompactionStopStyleTotalSize
2023/04/22-13:13:47.680270 ffff6533cc40 Options.compaction_options_fifo.max_table_files_size: 1073741824
2023/04/22-13:13:47.680271 ffff6533cc40 Options.compaction_options_fifo.allow_compaction: 0
2023/04/22-13:13:47.680276 ffff6533cc40                   Options.table_properties_collectors: 
2023/04/22-13:13:47.680276 ffff6533cc40                   Options.inplace_update_support: 0
2023/04/22-13:13:47.680277 ffff6533cc40                 Options.inplace_update_num_locks: 10000
2023/04/22-13:13:47.680278 ffff6533cc40               Options.memtable_prefix_bloom_size_ratio: 0.000000
2023/04/22-13:13:47.680279 ffff6533cc40               Options.memtable_whole_key_filtering: 0
2023/04/22-13:13:47.680279 ffff6533cc40   Options.memtable_huge_page_size: 0
2023/04/22-13:13:47.680280 ffff6533cc40                           Options.bloom_locality: 0
2023/04/22-13:13:47.680281 ffff6533cc40                    Options.max_successive_merges: 0
2023/04/22-13:13:47.680281 ffff6533cc40                Options.optimize_filters_for_hits: 0
2023/04/22-13:13:47.680282 ffff6533cc40                Options.paranoid_file_checks: 0
2023/04/22-13:13:47.680282 ffff6533cc40                Options.force_consistency_checks: 1
2023/04/22-13:13:47.680283 ffff6533cc40                Options.report_bg_io_stats: 0
2023/04/22-13:13:47.680284 ffff6533cc40                               Options.ttl: 2592000
2023/04/22-13:13:47.680284 ffff6533cc40          Options.periodic_compaction_seconds: 0
2023/04/22-13:13:47.680285 ffff6533cc40                    Options.enable_blob_files: false
2023/04/22-13:13:47.680286 ffff6533cc40                        Options.min_blob_size: 0
2023/04/22-13:13:47.680286 ffff6533cc40                       Options.blob_file_size: 268435456
2023/04/22-13:13:47.680287 ffff6533cc40                Options.blob_compression_type: NoCompression
2023/04/22-13:13:47.680288 ffff6533cc40       Options.enable_blob_garbage_collection: false
2023/04/22-13:13:47.680289 ffff6533cc40   Options.blob_garbage_collection_age_cutoff: 0.250000
2023/04/22-13:13:47.691630 ffff6533cc40 [/version_set.cc:4666] Recovered from manifest file:/data/db/MANIFEST-000399 succeeded,manifest_file_number is 399, next_file_number is 451, last_sequence is 707, log_number is 448,prev_log_number is 0,max_column_family is 0,min_log_number_to_keep is 0
2023/04/22-13:13:47.691648 ffff6533cc40 [/version_set.cc:4681] Column family [default] (ID 0), log number is 448
2023/04/22-13:13:47.703008 ffff6533cc40 [/version_set.cc:4118] Creating manifest 452
2023/04/22-13:13:47.738839 ffff77fbcc40 [/compaction/compaction_job.cc:1913] [default] [JOB 2] Compacting 2@0 + 1@1 files to L1, score 1.00
2023/04/22-13:13:47.738864 ffff77fbcc40 [/compaction/compaction_job.cc:1919] [default] Compaction start summary: Base version 2 Base level 0, inputs: [449(1076B) 447(1076B)], [445(4350B)]
2023/04/22-13:13:47.738887 ffff77fbcc40 EVENT_LOG_v1 {"time_micros": 1682169227738876, "job": 2, "event": "compaction_started", "compaction_reason": "LevelL0FilesNum", "files_L0": [449, 447], "files_L1": [445], "score": 1, "input_data_size": 6502}
2023/04/22-13:13:47.740635 ffff6533cc40 [/db_impl/db_impl_open.cc:1756] SstFileManager instance 0xffffab67a080
2023/04/22-13:13:47.747659 ffff6533cc40 DB pointer 0xffffab6d9800
2023/04/22-13:13:47.750635 ffff77fbcc40 [/compaction/compaction_job.cc:1542] [default] [JOB 2] Generated table #456: 18 keys, 4350 bytes
2023/04/22-13:13:47.750670 ffff77fbcc40 EVENT_LOG_v1 {"time_micros": 1682169227750643, "cf_name": "default", "job": 2, "event": "table_file_creation", "file_number": 456, "file_size": 4350, "file_checksum": "", "file_checksum_func_name": "Unknown", "table_properties": {"data_size": 3411, "index_size": 29, "index_partitions": 0, "top_level_index_size": 0, "index_key_is_user_key": 1, "index_value_is_delta_encoded": 1, "filter_size": 0, "raw_key_size": 399, "raw_average_key_size": 22, "raw_value_size": 3046, "raw_average_value_size": 169, "num_data_blocks": 1, "num_entries": 18, "num_deletions": 0, "num_merge_operands": 0, "num_range_deletions": 0, "format_version": 0, "fixed_key_len": 0, "filter_policy": "", "column_family_name": "default", "column_family_id": 0, "comparator": "leveldb.BytewiseComparator", "merge_operator": "UInt64AddOperator", "prefix_extractor_name": "nullptr", "property_collectors": "[]", "compression": "NoCompression", "compression_options": "window_bits=-14; level=32767; strategy=0; max_dict_bytes=0; zstd_max_train_bytes=0; enabled=0; max_dict_buffer_bytes=0; ", "creation_time": 1681207126, "oldest_key_time": 0, "file_creation_time": 1682169227, "slow_compression_estimated_data_size": 0, "fast_compression_estimated_data_size": 0, "db_id": "0e84409a-42c2-4a97-814b-da05bc4c3992", "db_session_id": "M9TJUCCSR4QWOQ7R5GBQ"}}
2023/04/22-13:13:47.759845 ffff77fbcc40 [/compaction/compaction_job.cc:1618] [default] [JOB 2] Compacted 2@0 + 1@1 files to L1 => 4350 bytes
2023/04/22-13:13:47.761472 ffff77fbcc40 (Original Log Time 2023/04/22-13:13:47.761440) [/compaction/compaction_job.cc:821] [default] compacted to: files[0 1 0 0 0 0 0] max score 0.00, MB/sec: 0.6 rd, 0.4 wr, level 1, files in(2, 1) out(1 +0 blob) MB in(0.0, 0.0 +0.0 blob) out(0.0 +0.0 blob), read-write-amplify(5.0) write-amplify(2.0) OK, records in: 22, records dropped: 4 output_compression: NoCompression
2023/04/22-13:13:47.761479 ffff77fbcc40 (Original Log Time 2023/04/22-13:13:47.761454) EVENT_LOG_v1 {"time_micros": 1682169227761449, "job": 2, "event": "compaction_finished", "compaction_time_micros": 11803, "compaction_time_cpu_micros": 485, "output_level": 1, "num_output_files": 1, "total_output_size": 4350, "num_input_records": 22, "num_output_records": 18, "num_subcompactions": 1, "output_compression": "NoCompression", "num_single_delete_mismatches": 0, "num_single_delete_fallthrough": 0, "lsm_state": [0, 1, 0, 0, 0, 0, 0]}
2023/04/22-13:13:47.763345 ffff77fbcc40 [le/delete_scheduler.cc:73] Deleted file /data/db/000449.sst immediately, rate_bytes_per_sec 0, total_trash_size 0 max_trash_db_ratio 0.250000
2023/04/22-13:13:47.763361 ffff77fbcc40 EVENT_LOG_v1 {"time_micros": 1682169227763359, "job": 2, "event": "table_file_deletion", "file_number": 449}
2023/04/22-13:13:47.764717 ffff77fbcc40 [le/delete_scheduler.cc:73] Deleted file /data/db/000447.sst immediately, rate_bytes_per_sec 0, total_trash_size 0 max_trash_db_ratio 0.250000
2023/04/22-13:13:47.764726 ffff77fbcc40 EVENT_LOG_v1 {"time_micros": 1682169227764724, "job": 2, "event": "table_file_deletion", "file_number": 447}
2023/04/22-13:13:47.769961 ffff77fbcc40 [le/delete_scheduler.cc:73] Deleted file /data/db/000445.sst immediately, rate_bytes_per_sec 0, total_trash_size 0 max_trash_db_ratio 0.250000
2023/04/22-13:13:47.769989 ffff77fbcc40 EVENT_LOG_v1 {"time_micros": 1682169227769986, "job": 2, "event": "table_file_deletion", "file_number": 445}
2023/04/22-13:13:53.749532 ffff62aecc40 [/db_impl/db_impl.cc:931] ------- DUMPING STATS -------
2023/04/22-13:13:53.751516 ffff62aecc40 [/db_impl/db_impl.cc:933] 
** DB Stats **
Uptime(secs): 6.1 total, 6.1 interval
Cumulative writes: 0 writes, 0 keys, 0 commit groups, 0.0 writes per commit group, ingest: 0.00 GB, 0.00 MB/s
Cumulative WAL: 0 writes, 0 syncs, 0.00 writes per sync, written: 0.00 GB, 0.00 MB/s
Cumulative stall: 00:00:0.000 H:M:S, 0.0 percent
Interval writes: 0 writes, 0 keys, 0 commit groups, 0.0 writes per commit group, ingest: 0.00 MB, 0.00 MB/s
Interval WAL: 0 writes, 0 syncs, 0.00 writes per sync, written: 0.00 MB, 0.00 MB/s
Interval stall: 00:00:0.000 H:M:S, 0.0 percent

** Compaction Stats [default] **
Level    Files   Size     Score Read(GB)  Rn(GB) Rnp1(GB) Write(GB) Wnew(GB) Moved(GB) W-Amp Rd(MB/s) Wr(MB/s) Comp(sec) CompMergeCPU(sec) Comp(cnt) Avg(sec) KeyIn KeyDrop Rblob(GB) Wblob(GB)
------------------------------------------------------------------------------------------------------------------------------------------------------------------------------------------------
  L1      1/0    4.25 KB   0.0      0.0     0.0      0.0       0.0      0.0       0.0   2.0      0.5      0.4      0.01              0.00         1    0.012      22      4       0.0       0.0
 Sum      1/0    4.25 KB   0.0      0.0     0.0      0.0       0.0      0.0       0.0 4350.0      0.5      0.4      0.01              0.00         1    0.012      22      4       0.0       0.0
 Int      0/0    0.00 KB   0.0      0.0     0.0      0.0       0.0      0.0       0.0 4350.0      0.5      0.4      0.01              0.00         1    0.012      22      4       0.0       0.0

** Compaction Stats [default] **
Priority    Files   Size     Score Read(GB)  Rn(GB) Rnp1(GB) Write(GB) Wnew(GB) Moved(GB) W-Amp Rd(MB/s) Wr(MB/s) Comp(sec) CompMergeCPU(sec) Comp(cnt) Avg(sec) KeyIn KeyDrop Rblob(GB) Wblob(GB)
---------------------------------------------------------------------------------------------------------------------------------------------------------------------------------------------------
 Low      0/0    0.00 KB   0.0      0.0     0.0      0.0       0.0      0.0       0.0   0.0      0.5      0.4      0.01              0.00         1    0.012      22      4       0.0       0.0

Blob file count: 0, total size: 0.0 GB

Uptime(secs): 6.1 total, 6.1 interval
Flush(GB): cumulative 0.000, interval 0.000
AddFile(GB): cumulative 0.000, interval 0.000
AddFile(Total Files): cumulative 0, interval 0
AddFile(L0 Files): cumulative 0, interval 0
AddFile(Keys): cumulative 0, interval 0
Cumulative compaction: 0.00 GB write, 0.00 MB/s write, 0.00 GB read, 0.00 MB/s read, 0.0 seconds
Interval compaction: 0.00 GB write, 0.00 MB/s write, 0.00 GB read, 0.00 MB/s read, 0.0 seconds
Stalls(count): 0 level0_slowdown, 0 level0_slowdown_with_compaction, 0 level0_numfiles, 0 level0_numfiles_with_compaction, 0 stop for pending_compaction_bytes, 0 slowdown for pending_compaction_bytes, 0 memtable_compaction, 0 memtable_slowdown, interval 0 total count

** File Read Latency Histogram By Level [default] **

** Compaction Stats [default] **
Level    Files   Size     Score Read(GB)  Rn(GB) Rnp1(GB) Write(GB) Wnew(GB) Moved(GB) W-Amp Rd(MB/s) Wr(MB/s) Comp(sec) CompMergeCPU(sec) Comp(cnt) Avg(sec) KeyIn KeyDrop Rblob(GB) Wblob(GB)
------------------------------------------------------------------------------------------------------------------------------------------------------------------------------------------------
  L1      1/0    4.25 KB   0.0      0.0     0.0      0.0       0.0      0.0       0.0   2.0      0.5      0.4      0.01              0.00         1    0.012      22      4       0.0       0.0
 Sum      1/0    4.25 KB   0.0      0.0     0.0      0.0       0.0      0.0       0.0 4350.0      0.5      0.4      0.01              0.00         1    0.012      22      4       0.0       0.0
 Int      0/0    0.00 KB   0.0      0.0     0.0      0.0       0.0      0.0       0.0   0.0      0.0      0.0      0.00              0.00         0    0.000       0      0       0.0       0.0

** Compaction Stats [default] **
Priority    Files   Size     Score Read(GB)  Rn(GB) Rnp1(GB) Write(GB) Wnew(GB) Moved(GB) W-Amp Rd(MB/s) Wr(MB/s) Comp(sec) CompMergeCPU(sec) Comp(cnt) Avg(sec) KeyIn KeyDrop Rblob(GB) Wblob(GB)
---------------------------------------------------------------------------------------------------------------------------------------------------------------------------------------------------
 Low      0/0    0.00 KB   0.0      0.0     0.0      0.0       0.0      0.0       0.0   0.0      0.5      0.4      0.01              0.00         1    0.012      22      4       0.0       0.0

Blob file count: 0, total size: 0.0 GB

Uptime(secs): 6.1 total, 0.0 interval
Flush(GB): cumulative 0.000, interval 0.000
AddFile(GB): cumulative 0.000, interval 0.000
AddFile(Total Files): cumulative 0, interval 0
AddFile(L0 Files): cumulative 0, interval 0
AddFile(Keys): cumulative 0, interval 0
Cumulative compaction: 0.00 GB write, 0.00 MB/s write, 0.00 GB read, 0.00 MB/s read, 0.0 seconds
Interval compaction: 0.00 GB write, 0.00 MB/s write, 0.00 GB read, 0.00 MB/s read, 0.0 seconds
Stalls(count): 0 level0_slowdown, 0 level0_slowdown_with_compaction, 0 level0_numfiles, 0 level0_numfiles_with_compaction, 0 stop for pending_compaction_bytes, 0 slowdown for pending_compaction_bytes, 0 memtable_compaction, 0 memtable_slowdown, interval 0 total count

** File Read Latency Histogram By Level [default] **
2023/04/22-13:15:06.688443 ffffad17d020 [/db_impl/db_impl.cc:462] Shutdown: canceling all background work
2023/04/22-13:15:06.692798 ffffad17d020 [/db_impl/db_impl_write.cc:1770] [default] New memtable created with log file: #457. Immutable memtables: 0.
2023/04/22-13:15:06.693259 ffff6ed2cc40 (Original Log Time 2023/04/22-13:15:06.693130) [/db_impl/db_impl_compaction_flush.cc:2548] Calling FlushMemTableToOutputFile with column family [default], flush slots available 4, compaction slots available 1, flush slots scheduled 1, compaction slots scheduled 0
2023/04/22-13:15:06.693299 ffff6ed2cc40 [/flush_job.cc:339] [default] [JOB 3] Flushing memtable with next log file: 457
2023/04/22-13:15:06.693365 ffff6ed2cc40 EVENT_LOG_v1 {"time_micros": 1682169306693354, "job": 3, "event": "flush_started", "num_memtables": 1, "num_entries": 12, "num_deletes": 0, "total_data_size": 2069, "memory_usage": 3128, "flush_reason": "Shut down"}
2023/04/22-13:15:06.693368 ffff6ed2cc40 [/flush_job.cc:368] [default] [JOB 3] Level-0 flush table #458: started
2023/04/22-13:15:06.699171 ffff6ed2cc40 EVENT_LOG_v1 {"time_micros": 1682169306699124, "cf_name": "default", "job": 3, "event": "table_file_creation", "file_number": 458, "file_size": 1774, "file_checksum": "", "file_checksum_func_name": "Unknown", "table_properties": {"data_size": 659, "index_size": 29, "index_partitions": 0, "top_level_index_size": 0, "index_key_is_user_key": 1, "index_value_is_delta_encoded": 1, "filter_size": 0, "raw_key_size": 199, "raw_average_key_size": 24, "raw_value_size": 570, "raw_average_value_size": 71, "num_data_blocks": 1, "num_entries": 8, "num_deletions": 3, "num_merge_operands": 1, "num_range_deletions": 3, "format_version": 0, "fixed_key_len": 0, "filter_policy": "", "column_family_name": "default", "column_family_id": 0, "comparator": "leveldb.BytewiseComparator", "merge_operator": "UInt64AddOperator", "prefix_extractor_name": "nullptr", "property_collectors": "[]", "compression": "NoCompression", "compression_options": "window_bits=-14; level=32767; strategy=0; max_dict_bytes=0; zstd_max_train_bytes=0; enabled=0; max_dict_buffer_bytes=0; ", "creation_time": 1682169238, "oldest_key_time": 1682169238, "file_creation_time": 1682169306, "slow_compression_estimated_data_size": 0, "fast_compression_estimated_data_size": 0, "db_id": "0e84409a-42c2-4a97-814b-da05bc4c3992", "db_session_id": "M9TJUCCSR4QWOQ7R5GBQ"}}
2023/04/22-13:15:06.699764 ffff6ed2cc40 [/flush_job.cc:427] [default] [JOB 3] Level-0 flush table #458: 1774 bytes OK
2023/04/22-13:15:06.700826 ffff6ed2cc40 (Original Log Time 2023/04/22-13:15:06.699786) [/memtable_list.cc:449] [default] Level-0 commit table #458 started
2023/04/22-13:15:06.700828 ffff6ed2cc40 (Original Log Time 2023/04/22-13:15:06.700753) [/memtable_list.cc:629] [default] Level-0 commit table #458: memtable #1 done
2023/04/22-13:15:06.700829 ffff6ed2cc40 (Original Log Time 2023/04/22-13:15:06.700776) EVENT_LOG_v1 {"time_micros": 1682169306700762, "job": 3, "event": "flush_finished", "output_compression": "NoCompression", "lsm_state": [1, 1, 0, 0, 0, 0, 0], "immutable_memtables": 0}
2023/04/22-13:15:06.700830 ffff6ed2cc40 (Original Log Time 2023/04/22-13:15:06.700785) [/db_impl/db_impl_compaction_flush.cc:239] [default] Level summary: files[1 1 0 0 0 0 0] max score 0.50
2023/04/22-13:15:06.700842 ffff6ed2cc40 [/db_impl/db_impl_files.cc:417] [JOB 3] Try to delete WAL files size 135, prev total WAL file size 135, number of live WAL files 2.
2023/04/22-13:15:06.701987 ffff6ed2cc40 [/wal_manager.cc:281] Move log file /data/db/000453.log to /data/db/archive/000453.log -- OK
2023/04/22-13:15:06.704239 ffffad17d020 [/db_impl/db_impl.cc:642] Shutdown complete
